0.3930277923398693
1.004257729834993
1.0014808099003984
0.999815720901249
0.9998151589877954
0.9998151589861272
0.9998151589878127
1.000924427616886
1.000924514905285
0.9998151589878127
0.9998151589767115
0.9998151589878127
0.9998154920346818
1.0009250928130389
0.9998152770113035
0.9998151589878127
0.9998151589878127
0.9998149370120787
1.0049739699278417
0.9998151589878127
0.9998151589878127
0.9998151589878127
1.0031457386914835
1.0003704026613818
1.0009253152060653
0.9998151589878127
0.9998151589878127
0.9998151589878127
1.0009253080221066
0.9998151589878127
1.0043229788032537
1.0009253152157784
1.0009253152171658
0.9998151589878127
0.9998151589878113
0.9998151589878127
0.9998151589878127
0.9998151589878127
0.9998151589878127
0.9998151589878127
0.9998151589878127
0.9998151589878127
1.000926409859073
0.9987051137740827
0.9987051137742918
0.9998152700034357
1.0087018661406353
0.9998151589878127
0.9998151589878127
0.9998151589878127
0.9998153810079972
0.9920447059462217
0.9987054468209536
0.9975952905250244
0.9898252580256484
0.9998152700034356
0.9975956191707538
0.9975955126228441
0.998705446820963
0.9998152700034356
0.9998151589878127
0.9922385294780999
0.9953716772625023
0.9942652762088235
0.9876054383891959
0.9998151589878127
0.9987054468209514
0.9987051138185101
0.9942649766065467
0.9975922702090538
0.9953753111965389
0.9876063605762018
0.9998151589878127
0.9998152700034356
0.9898251962673593
0.9975950685603546
0.9998151589878127
0.9998151589878127
0.9998153810218348
0.9975952906027081
0.9809520878291643
0.9975939631812442
0.9987052247897055
1.0009253152171178
0.9964853564045937
0.9987054594257596
0.9998151589878127
0.9931548878836566
0.9987053350205877
0.9998153810190593
0.9998151589878127
0.9998153875424507
0.9975950685603524
0.9998151589878127
0.9953755279420138
0.9876058972810166
0.9998151589878127
0.9987051137740826
0.9964872435479282
0.9942711857135402
0.9964850236782105
0.9987070390269163
1.0020352494596751
1.0005091668092922
1.0009252040670975
0.9998151589878127
1.0009250933610476
1.0059211277335751
1.0020355831246879
0.9998151589878127
1.000925315195762
0.9998151589878127
0.9998151589878127
0.9998151589878127
1.0009253152171658
1.0027942406827337
0.9998151589878127
1.000925315195762
1.0020354714465152
0.9996219160594711
0.9998151589702788
1.002035471446519
0.9998151589878127
0.9998151589878127
0.9998151589878127
0.9987051137740826
1.0042557840182922
0.9998151589878127
1.0009253152060273
0.9998151589878127
1.0009252042348409
0.9998151589878116
0.9998151589878127
0.9998151589878127
0.9987050028031007
0.9996219160787105
0.9998151589878127
1.000928100784549
0.9998150480054856
1.0061419363771247
0.9998151589878127
0.9998151589878127
0.9998151589878127
0.9998151589878127
0.9998151589878127
0.9998151589877832
0.9998151589878127
0.9998151589878127
0.9998151589878127
0.9998152699924021
1.0009253151949604
1.004257729834993
1.0014808099003984
0.999815720901249
0.9998151589877954
0.9998151589861272
0.9998151589878127
1.000924427616886
1.000924514905285
0.9998151589878127
0.9998151589767115
0.9998151589878127
0.9998154920346818
1.0009250928130389
0.9998152770113035
0.9998151589878127
0.9998151589878127
0.9998149370120787
1.0049739699278417
0.9998151589878127
0.9998151589878127
0.9998151589878127
1.0031457386914835
1.0003704026613818
1.0009253152060653
0.9998151589878127
0.9998151589878127
0.9998151589878127
1.0009253080221066
0.9998151589878127
1.0043229788032537
1.0009253152157784
1.0009253152171658
0.9998151589878127
0.9998151589878113
0.9998151589878127
0.9998151589878127
0.9998151589878127
0.9998151589878127
0.9998151589878127
0.9998151589878127
0.9998151589878127
1.000926409859073
0.9987051137740827
0.9987051137742918
0.9998152700034357
1.0087018661406353
0.9998151589878127
0.9998151589878127
0.9998151589878127
0.9998153810079972
0.9920447059462217
0.9987054468209536
0.9975952905250244
0.9898252580256484
0.9998152700034356
0.9975956191707538
0.9975955126228441
0.998705446820963
0.9998152700034356
0.9998151589878127
0.9922385294780999
0.9953716772625023
0.9942652762088235
0.9876054383891959
0.9998151589878127
0.9987054468209514
0.9987051138185101
0.9942649766065467
0.9975922702090538
0.9953753111965389
0.9876063605762018
0.9998151589878127
0.9998152700034356
0.9898251962673593
0.9975950685603546
0.9998151589878127
0.9998151589878127
0.9998153810218348
0.9975952906027081
0.9809520878291643
0.9975939631812442
0.9987052247897055
1.0009253152171178
0.9964853564045937
0.9987054594257596
0.9998151589878127
0.9931548878836566
0.9987053350205877
0.9998153810190593
0.9998151589878127
0.9998153875424507
0.9975950685603524
0.9998151589878127
0.9953755279420138
0.9876058972810166
0.9998151589878127
0.9987051137740826
0.9964872435479282
0.9942711857135402
0.9964850236782105
0.9987070390269163
1.0020352494596751
1.0005091668092922
1.0009252040670975
0.9998151589878127
1.0009250933610476
1.0059211277335751
1.0020355831246879
0.9998151589878127
1.000925315195762
0.9998151589878127
0.9998151589878127
0.9998151589878127
1.0009253152171658
1.0027942406827337
0.9998151589878127
1.000925315195762
1.0020354714465152
0.9996219160594711
0.9998151589702788
1.002035471446519
0.9998151589878127
0.9998151589878127
0.9998151589878127
0.9987051137740826
1.0042557840182922
0.9998151589878127
1.0009253152060273
0.9998151589878127
1.0009252042348409
0.9998151589878116
0.9998151589878127
0.9998151589878127
0.9987050028031007
0.9996219160787105
0.9998151589878127
1.000928100784549
0.9998150480054856
1.0061419363771247
0.9998151589878127
0.9998151589878127
0.9998151589878127
0.9998151589878127
0.9998151589878127
0.9998151589877832
0.9998151589878127
0.9998151589878127
0.9998151589878127
0.9998152699924021
1.0009253151949604
1.004257729834993
1.0014808099003984
0.999815720901249
0.9998151589877954
0.9998151589861272
0.9998151589878127
1.000924427616886
1.000924514905285
0.9998151589878127
0.9998151589767115
0.9998151589878127
0.9998154920346818
1.0009250928130389
0.9998152770113035
0.9998151589878127
0.9998151589878127
0.9998149370120787
1.0049739699278417
0.9998151589878127
0.9998151589878127
0.9998151589878127
1.0031457386914835
1.0003704026613818
1.0009253152060653
0.9998151589878127
0.9998151589878127
0.9998151589878127
1.0009253080221066
0.9998151589878127
1.0043229788032537
1.0009253152157784
1.0009253152171658
0.9998151589878127
0.9998151589878113
0.9998151589878127
0.9998151589878127
0.9998151589878127
0.9998151589878127
0.9998151589878127
0.9998151589878127
0.9998151589878127
1.000926409859073
0.9987051137740827
0.9987051137742918
0.9998152700034357
1.0087018661406353
0.9998151589878127
0.9998151589878127
0.9998151589878127
0.9998153810079972
0.9920447059462217
0.9987054468209536
0.9975952905250244
0.9898252580256484
0.9998152700034356
0.9975956191707538
0.9975955126228441
0.998705446820963
0.9998152700034356
0.9998151589878127
0.9922385294780999
0.9953716772625023
0.9942652762088235
0.9876054383891959
0.9998151589878127
0.9987054468209514
0.9987051138185101
0.9942649766065467
0.9975922702090538
0.9953753111965389
0.9876063605762018
0.9998151589878127
0.9998152700034356
0.9898251962673593
0.9975950685603546
0.9998151589878127
0.9998151589878127
0.9998153810218348
0.9975952906027081
0.9809520878291643
0.9975939631812442
0.9987052247897055
1.0009253152171178
0.9964853564045937
0.9987054594257596
0.9998151589878127
0.9931548878836566
0.9987053350205877
0.9998153810190593
0.9998151589878127
0.9998153875424507
0.9975950685603524
0.9998151589878127
0.9953755279420138
0.9876058972810166
0.9998151589878127
0.9987051137740826
0.9964872435479282
0.9942711857135402
0.9964850236782105
0.9987070390269163
1.0020352494596751
1.0005091668092922
1.0009252040670975
0.9998151589878127
1.0009250933610476
1.0059211277335751
1.0020355831246879
0.9998151589878127
1.000925315195762
0.9998151589878127
0.9998151589878127
0.9998151589878127
1.0009253152171658
1.0027942406827337
0.9998151589878127
1.000925315195762
1.0020354714465152
0.9996219160594711
0.9998151589702788
1.002035471446519
0.9998151589878127
0.9998151589878127
0.9998151589878127
0.9987051137740826
1.0042557840182922
0.9998151589878127
1.0009253152060273
0.9998151589878127
1.0009252042348409
0.9998151589878116
0.9998151589878127
0.9998151589878127
0.9987050028031007
0.9996219160787105
0.9998151589878127
1.000928100784549
0.9998150480054856
1.0061419363771247
0.9998151589878127
0.9998151589878127
0.9998151589878127
0.9998151589878127
0.9998151589878127
0.9998151589877832
0.9998151589878127
0.9998151589878127
0.9998151589878127
0.9998152699924021
1.0009253151949604
1.004257729834993
1.0014808099003984
0.999815720901249
0.9998151589877954
0.9998151589861272
0.9998151589878127
1.000924427616886
1.000924514905285
0.9998151589878127
0.9998151589767115
0.9998151589878127
0.9998154920346818
1.0009250928130389
0.9998152770113035
0.9998151589878127
0.9998151589878127
0.9998149370120787
1.0049739699278417
0.9998151589878127
0.9998151589878127
0.9998151589878127
1.0031457386914835
1.0003704026613818
1.0009253152060653
0.9998151589878127
0.9998151589878127
0.9998151589878127
1.0009253080221066
0.9998151589878127
1.0043229788032537
1.0009253152157784
1.0009253152171658
0.9998151589878127
0.9998151589878113
0.9998151589878127
0.9998151589878127
0.9998151589878127
0.9998151589878127
0.9998151589878127
0.9998151589878127
0.9998151589878127
1.000926409859073
0.9987051137740827
0.9987051137742918
0.9998152700034357
1.0087018661406353
0.9998151589878127
0.9998151589878127
0.9998151589878127
0.9998153810079972
0.9920447059462217
0.9987054468209536
0.9975952905250244
0.9898252580256484
0.9998152700034356
0.9975956191707538
0.9975955126228441
0.998705446820963
0.9998152700034356
0.9998151589878127
0.9922385294780999
0.9953716772625023
0.9942652762088235
0.9876054383891959
0.9998151589878127
0.9987054468209514
0.9987051138185101
0.9942649766065467
0.9975922702090538
0.9953753111965389
0.9876063605762018
0.9998151589878127
0.9998152700034356
0.9898251962673593
0.9975950685603546
0.9998151589878127
0.9998151589878127
0.9998153810218348
0.9975952906027081
0.9809520878291643
0.9975939631812442
0.9987052247897055
1.0009253152171178
0.9964853564045937
0.9987054594257596
0.9998151589878127
0.9931548878836566
0.9987053350205877
0.9998153810190593
0.9998151589878127
0.9998153875424507
0.9975950685603524
0.9998151589878127
0.9953755279420138
0.9876058972810166
0.9998151589878127
0.9987051137740826
0.9964872435479282
0.9942711857135402
0.9964850236782105
0.9987070390269163
1.0020352494596751
1.0005091668092922
1.0009252040670975
0.9998151589878127
1.0009250933610476
1.0059211277335751
1.0020355831246879
0.9998151589878127
1.000925315195762
0.9998151589878127
0.9998151589878127
0.9998151589878127
1.0009253152171658
1.0027942406827337
0.9998151589878127
1.000925315195762
1.0020354714465152
0.9996219160594711
0.9998151589702788
1.002035471446519
0.9998151589878127
0.9998151589878127
0.9998151589878127
0.9987051137740826
1.0042557840182922
0.9998151589878127
1.0009253152060273
0.9998151589878127
1.0009252042348409
0.9998151589878116
0.9998151589878127
0.9998151589878127
0.9987050028031007
0.9996219160787105
0.9998151589878127
1.000928100784549
0.9998150480054856
1.0061419363771247
0.9998151589878127
0.9998151589878127
0.9998151589878127
0.9998151589878127
0.9998151589878127
0.9998151589877832
0.9998151589878127
0.9998151589878127
0.9998151589878127
0.9998152699924021
1.0009253151949604
1.004257729834993
1.0014808099003984
0.999815720901249
0.9998151589877954
0.9998151589861272
0.9998151589878127
1.000924427616886
1.000924514905285
0.9998151589878127
0.9998151589767115
0.9998151589878127
0.9998154920346818
1.0009250928130389
0.9998152770113035
0.9998151589878127
0.9998151589878127
0.9998149370120787
1.0049739699278417
0.9998151589878127
0.9998151589878127
0.9998151589878127
1.0031457386914835
1.0003704026613818
1.0009253152060653
0.9998151589878127
0.9998151589878127
0.9998151589878127
1.0009253080221066
0.9998151589878127
1.0043229788032537
1.0009253152157784
1.0009253152171658
0.9998151589878127
0.9998151589878113
0.9998151589878127
0.9998151589878127
0.9998151589878127
0.9998151589878127
0.9998151589878127
0.9998151589878127
0.9998151589878127
1.000926409859073
0.9987051137740827
0.9987051137742918
0.9998152700034357
1.0087018661406353
0.9998151589878127
0.9998151589878127
0.9998151589878127
0.9998153810079972
0.9920447059462217
0.9987054468209536
0.9975952905250244
0.9898252580256484
0.9998152700034356
0.9975956191707538
0.9975955126228441
0.998705446820963
0.9998152700034356
0.9998151589878127
0.9922385294780999
0.9953716772625023
0.9942652762088235
0.9876054383891959
0.9998151589878127
0.9987054468209514
0.9987051138185101
0.9942649766065467
0.9975922702090538
0.9953753111965389
0.9876063605762018
0.9998151589878127
0.9998152700034356
0.9898251962673593
0.9975950685603546
0.9998151589878127
0.9998151589878127
0.9998153810218348
0.9975952906027081
0.9809520878291643
0.9975939631812442
0.9987052247897055
1.0009253152171178
0.9964853564045937
0.9987054594257596
0.9998151589878127
0.9931548878836566
0.9987053350205877
0.9998153810190593
0.9998151589878127
0.9998153875424507
0.9975950685603524
0.9998151589878127
0.9953755279420138
0.9876058972810166
0.9998151589878127
0.9987051137740826
0.9964872435479282
0.9942711857135402
0.9964850236782105
0.9987070390269163
1.0020352494596751
1.0005091668092922
1.0009252040670975
0.9998151589878127
1.0009250933610476
1.0059211277335751
1.0020355831246879
0.9998151589878127
1.000925315195762
0.9998151589878127
0.9998151589878127
0.9998151589878127
1.0009253152171658
1.0027942406827337
0.9998151589878127
1.000925315195762
1.0020354714465152
0.9996219160594711
0.9998151589702788
1.002035471446519
0.9998151589878127
0.9998151589878127
0.9998151589878127
0.9987051137740826
1.0042557840182922
0.9998151589878127
1.0009253152060273
0.9998151589878127
1.0009252042348409
0.9998151589878116
0.9998151589878127
0.9998151589878127
0.9987050028031007
0.9996219160787105
0.9998151589878127
1.000928100784549
0.9998150480054856
1.0061419363771247
0.9998151589878127
0.9998151589878127
0.9998151589878127
0.9998151589878127
0.9998151589878127
0.9998151589877832
0.9998151589878127
0.9998151589878127
0.9998151589878127
0.9998152699924021
1.0009253151949604
1.004257729834993
1.0014808099003984
0.999815720901249
0.9998151589877954
0.9998151589861272
0.9998151589878127
1.000924427616886
1.000924514905285
0.9998151589878127
0.9998151589767115
0.9998151589878127
0.9998154920346818
1.0009250928130389
0.9998152770113035
0.9998151589878127
0.9998151589878127
0.9998149370120787
1.0049739699278417
0.9998151589878127
0.9998151589878127
0.9998151589878127
1.0031457386914835
1.0003704026613818
1.0009253152060653
0.9998151589878127
0.9998151589878127
0.9998151589878127
1.0009253080221066
0.9998151589878127
1.0043229788032537
1.0009253152157784
1.0009253152171658
0.9998151589878127
0.9998151589878113
0.9998151589878127
0.9998151589878127
0.9998151589878127
0.9998151589878127
0.9998151589878127
0.9998151589878127
0.9998151589878127
1.000926409859073
0.9987051137740827
0.9987051137742918
0.9998152700034357
1.0087018661406353
0.9998151589878127
0.9998151589878127
0.9998151589878127
0.9998153810079972
0.9920447059462217
0.9987054468209536
0.9975952905250244
0.9898252580256484
0.9998152700034356
0.9975956191707538
0.9975955126228441
0.998705446820963
0.9998152700034356
0.9998151589878127
0.9922385294780999
0.9953716772625023
0.9942652762088235
0.9876054383891959
0.9998151589878127
0.9987054468209514
0.9987051138185101
0.9942649766065467
0.9975922702090538
0.9953753111965389
0.9876063605762018
0.9998151589878127
0.9998152700034356
0.9898251962673593
0.9975950685603546
0.9998151589878127
0.9998151589878127
0.9998153810218348
0.9975952906027081
0.9809520878291643
0.9975939631812442
0.9987052247897055
1.0009253152171178
0.9964853564045937
0.9987054594257596
0.9998151589878127
0.9931548878836566
0.9987053350205877
0.9998153810190593
0.9998151589878127
0.9998153875424507
0.9975950685603524
0.9998151589878127
0.9953755279420138
0.9876058972810166
0.9998151589878127
0.9987051137740826
0.9964872435479282
0.9942711857135402
0.9964850236782105
0.9987070390269163
1.0020352494596751
1.0005091668092922
1.0009252040670975
0.9998151589878127
1.0009250933610476
1.0059211277335751
1.0020355831246879
0.9998151589878127
1.000925315195762
0.9998151589878127
0.9998151589878127
0.9998151589878127
1.0009253152171658
1.0027942406827337
0.9998151589878127
1.000925315195762
1.0020354714465152
0.9996219160594711
0.9998151589702788
1.002035471446519
0.9998151589878127
0.9998151589878127
0.9998151589878127
0.9987051137740826
1.0042557840182922
0.9998151589878127
1.0009253152060273
0.9998151589878127
1.0009252042348409
0.9998151589878116
0.9998151589878127
0.9998151589878127
0.9987050028031007
0.9996219160787105
0.9998151589878127
1.000928100784549
0.9998150480054856
1.0061419363771247
0.9998151589878127
0.9998151589878127
0.9998151589878127
0.9998151589878127
0.9998151589878127
0.9998151589877832
0.9998151589878127
0.9998151589878127
0.9998151589878127
0.9998152699924021
1.0009253151949604
1.004257729834993
1.0014808099003984
0.999815720901249
0.9998151589877954
0.9998151589861272
0.9998151589878127
1.000924427616886
1.000924514905285
0.9998151589878127
0.9998151589767115
0.9998151589878127
0.9998154920346818
1.0009250928130389
0.9998152770113035
0.9998151589878127
0.9998151589878127
0.9998149370120787
1.0049739699278417
0.9998151589878127
0.9998151589878127
0.9998151589878127
1.0031457386914835
1.0003704026613818
1.0009253152060653
0.9998151589878127
0.9998151589878127
0.9998151589878127
1.0009253080221066
0.9998151589878127
1.0043229788032537
1.0009253152157784
1.0009253152171658
0.9998151589878127
0.9998151589878113
0.9998151589878127
0.9998151589878127
0.9998151589878127
0.9998151589878127
0.9998151589878127
0.9998151589878127
0.9998151589878127
1.000926409859073
0.9987051137740827
0.9987051137742918
0.9998152700034357
1.0087018661406353
0.9998151589878127
0.9998151589878127
0.9998151589878127
0.9998153810079972
0.9920447059462217
0.9987054468209536
0.9975952905250244
0.9898252580256484
0.9998152700034356
0.9975956191707538
0.9975955126228441
0.998705446820963
0.9998152700034356
0.9998151589878127
0.9922385294780999
0.9953716772625023
0.9942652762088235
0.9876054383891959
0.9998151589878127
0.9987054468209514
0.9987051138185101
0.9942649766065467
0.9975922702090538
0.9953753111965389
0.9876063605762018
0.9998151589878127
0.9998152700034356
0.9898251962673593
0.9975950685603546
0.9998151589878127
0.9998151589878127
0.9998153810218348
0.9975952906027081
0.9809520878291643
0.9975939631812442
0.9987052247897055
1.0009253152171178
0.9964853564045937
0.9987054594257596
0.9998151589878127
0.9931548878836566
0.9987053350205877
0.9998153810190593
0.9998151589878127
0.9998153875424507
0.9975950685603524
0.9998151589878127
0.9953755279420138
0.9876058972810166
0.9998151589878127
0.9987051137740826
0.9964872435479282
0.9942711857135402
0.9964850236782105
0.9987070390269163
1.0020352494596751
1.0005091668092922
1.0009252040670975
0.9998151589878127
1.0009250933610476
1.0059211277335751
1.0020355831246879
0.9998539034402172
0.9288029736902567
1.07296813373547
0.45401396530326255
0.9934241652500698
0.9926841652143599
0.988322319445138
0.4333385820944716